best model found at epoch NO.137
train:
loss: 0.568663399639878
c_index: 0.8731504627725617
RMSE: 0.7540977001190186
MAE: 0.5848425626754761
SD: 0.7380298498953121
CORR: 0.9168712824732698

val:
loss: 1.751278091430664
c_index: 0.7678545980068445
RMSE: 1.3233586549758911
MAE: 1.0208330154418945
SD: 1.2746398463832787
CORR: 0.7264563655491378

test2016:
loss: 1.3330485962984855
c_index: 0.8291650158478605
RMSE: 1.1545772552490234
MAE: 0.9203662276268005
SD: 1.1462453234189844
CORR: 0.8497598808673764

test2013:
loss: 1.8241299017881736
c_index: 0.79812380750477
RMSE: 1.350603461265564
MAE: 1.0903385877609253
SD: 1.3536385668352806
CORR: 0.7989665468342133

